89763
56135
64527
19950
88575
67298
11254
22764
97980
62729
55756
36624
52779
28597
46219
58644
77172
18531
14969
38257
96446
25718
12195
76992
97436
88534
22970
57877
54650
41418
91850
93989
34439
71514
58446
66399
76752
26799
39966
14985
99150
17731
92254
86579
53769
11445
79376
89771
77966
58610
94771
98756
32581
69955
62612
29330
68841
27268
95497
81265
18846
88120
33639
63453
83873
87668
58966
27912
89235
33282
19174
85498
48116
43364
31575
84228
34967
68650
87296
95976
63321
44453
14688
57158
88682
36889
32474
32185
96479
82883
71266
39123
16667
51391
24257
52829
43414
94326
65946
52753
62463
26732
28274
11999
96784
86918
56671
56796
69377
28233
72991
93260
68437
92973
57455
32870
43711
13193
86363
66928
62653
81273
77313
91629
95950
33571
63545
83220
47498
58123
31476
35931
76133
78949
45765
88286
48959
55533
72660
43760
92973
34421
87171
33894
26393
31252
49635
46482
82479
75689
58958
33993
95877
65540
81299
84731
19760
58149
46425
66480
95752
68270
16527
63388
65540
73510
37812
14639
84665
91769
45351
86124
12823
32383
89896
96651
72892
98467
58826
59956
75515
29926
91280
24976
18721
38950
21865
41723
59519
86280
56150
11361
97675
61481
26161
89359
46177
72710
62455
66894
85787
57737
47118
13763
62414
57786
28928
17525
12112
98434
97477
84228
94383
39198
51326
75689
25593
32656
25890
23978
61945
68387
16154
59394
79970
77164
98764
85688
86611
83436
75762
55665
81562
18135
25692
51474
99531
39677
28662
12922
63883
68759
48249
49379
39636
16261
99317
85175
12476
33662
21840
89193
71316
96149
82776
24489
33373
92437
44461
48165
16485
31112
73346
75358
39867
87296
56986
29330
11775
39222
64931
89581
43240
99242
85340
31294
16329
62752
87270
93781
96412
78956
77685
84368
54858
37564
87882
49346
57877
82537
11767
79129
22590
24265
84129
36186
98236
76877
31716
78675
84426
81646
59550
28324
68163
65797
75671
34249
92692
75143
49874
59741
15396
72512
21782
68544
24422
35642
89342
91611
37457
57745
56390
95851
25288
57927
23473
62661
76455
67934
91215
34793
28464
21394
27938
64667
49585
74674
64725
53827
13573
27433
18283
96883
56465
51532
56135
74633
82180
79558
77883
62950
85563
81158
11338
15966
74435
88286
86876
21253
46490
74328
24257
59972
33514
73577
57570
16733
41582
77495
65615
49999
97790
61481
59964
98996
26112
86256
65441
37440
94110
23630
62836
96651
39727
49171
76141
78386
36186
33720
57463
34199
48983
83733
45658
52472
72249
24117
55962
49544
72678
96891
67124
56580
18556
21998
86769
54494
68429
78873
59774
99929
62638
46177
95976
68114
46631
63263
35741
77388
14258
16535
47662
59352
53686
44149
44198
42838
16451
74898
35972
38364
63651
23598
48637
85720
73866
61796
52514
93898
16246
95380
85670
16642
71860
13896
28712
24349
11890
92221
53132
45559
14639
71282
38992
22574
14357
93864
78667
19687
66340
25965
84319
45963
79566
98244
14639
79780
55319
57497
99325
18812
34165
89995
75762
33464
26492
45732
95794
81927
28639
43497
98236
35238
87130
65797
87155
94516
32557
87312
59493
59212
75622
17756
11742
82784
15669
61655
68759
67926
77222
82362
51557
25791
35188
27375
92338
24497
12559
85597
49593
75770
94243
69864
37424
35642
35147
93815
44719
69674
25825
67272
39727
17673
25213
53587
28126
52647
43430
32896
98418
13987
81190
66282
75424
15578
93195
53413
33324
46722
79988
11627
26120
91363
57174
85332
14282
79517
29322
38521
31732
72223
51151
56523
95471
55590
12526
95588
79392
27532
43331
93419
96644
88518
43513
82891
19174
78428
56846
26435
26682
75465
91348
64162
44826
89342
36194
88427
72595
64519
16931
49833
61788
16535
68114
73742
93922
26781
46243
77479
82552
15362
81174
31153
42630
52274
49684
98244
85431
27821
96198
79749
58230
14696
95810
34850
64881
41566
23275
72470
79392
97337
75283
27466
31823
88799
11858
77719
42713
92973
71928
86173
27946
34645
75416
23754
86280
98459
56846
97634
65813
28670
26948
59527
49627
65995
12872
41897
25239
21972
16162
21162
27151
86363
15933
22962
68486
32276
38646
83964
32680
66910
17632
78337
29983
64253
14886
48629
49437
81182
97261
16543
68544
92726
36723
23838
65342
97881
35113
53538
27540
87510
13383
72181
53611
12385
63313
11353
64774
36780
32599
52811
37960
95257
86447
54346
82263
63859
33522
11429
32375
68866
71852
98939
99523
31310
25429
56663
53983
87163
75358
88237
16667
48678
78931
73775
35428
29215
53165
89797
81455
56317
21758
47761
62810
78188
75465
83188
94193
31948
19265
58867
48595
56820
36426
78824
76315
64626
52563
49551
53967
93468
26591
69294
92965
66357
49957
48595
68247
99127
92577
43588
31849
91421
26922
47639
66431
96156
57711
84269
37895
46185
55129
53272
65961
84749
24398
27466
98293
77958
52126
23671
49767
99499
25312
78832
19273
41533
22723
33670
38299
66563
14571
52621
59543
84145
43174
11858
84277
52126
56762
39396
14258
23697
72793
18713
83378
58768
67868
95869
83493
76372
88146
28829
45419
66225
78410
23747
33647
84418
59295
51698
29355
84459
99135
26161
39255
74815
89318
98343
52811
33464
36350
32227
62968
91116
41830
77461
98921
24844
37788
62430
32953
31773
62349
95869
57851
53561
96313
91595
16840
11734
98582
45252
56671
12286
75291
35741
97923
51557
55293
66696
33811
81356
98368
32987
54650
54742
74674
65599
68924
13177
79517
91496
37630
15651
22368
47134
62489
64576
58933
99440
39644
67280
65979
75713
99861
83345
86363
15172
53777
44958
22277
57810
41343
57133
57497
11197
78485
13839
39750
55194
52225
19919
43398
27615
52290
69583
97758
45690
83675
41111
42770
87254
58669
55772
43257
68767
75937
31526
54932
57141
43349
94573
64915
86538
13979
96743
76349
71993
76893
95661
92395
51516
63750
89185
23853
92924
43943
47894
63339
99457
39255
97972
28159
31575
91322
83832
43646
88351
54841
96966
56135
74682
64683
88351
52555
63917
81117
91322
64774
66761
41541
82164
73239
59246
86785
44669
52985
89110
86124
62752
63255
89367
15784
56655
23499
64634
35535
22160
34538
63222
32599
79616
65748
88617
38240
11320
47159
33480
46391
27664
86785
21923
84921
67371
68635
92684
91157
28183
28670
69658
66225
37796
23168
46813
24430
37218
11254
31575
77776
51268
75622
71878
65391
79210
69187
16469
59592
42556
93278
47217
62521
61283
69914
58420
41244
28365
46565
88542
33852
95927
54247
56580
39495
54296
27219
18986
26781
75457
92775
86173
39818
16576
71217
29694
84418
24448
24752
27995
54635
46441
33266
95554
69781
99598
51730
84632
61952
15529
23788
12989
53652
24794
47233
25353
64568
36228
54759
86413
37150
62554
83220
36426
17152
44552
79541
92254
51599
17988
15768
68494
67934
72546
85779
14415
16139
35410
31625
78212
55186
37796
38570
37119
52670
62786
55558
43554
51698
32813
19687
54734
54999
68676
13573
65334
24851
97345
93872
78816
76760
16865
23994
43943
57976
11122
74534
92767
57653
41251
46466
81364
55574
93393
22848
99218
81588
92916
58495
93633
51250
17459
74955
28571
52456
43729
96370
25312
26567
16360
26443
25643
73924
42788
21873
16782
83691
96644
23739
24372
18291
98160
74633
93831
32771
85498
84749
33639
77990
38653
56671
87122
61135
64261
34116
92981
64642
36376
64378
37366
29751
87734
85969
57331
49718
56622
86744
64444
82537
15610
42457
35782
15347
41376
86256
73874
15545
95521
45757
26914
24323
28357
77875
62844
33696
81489
74765
42135
25973
15743
42580
41582
13227
45310
21790
42424
52860
52860
23648
73379
46557
96784
28134
81240
78238
53991
39826
53512
93567
88393
31492
91181
52993
56895
77271
14274
22566
61564
22111
51375
76398
52449
38489
53611
14159
24695
27458
71654
82818
16923
54486
46185
27623
48892
37549
58214
79517
14993
74823
75374
58750
31534
75531
39131
23168
46714
17780
64535
76562
97527
46250
72397
33167
43760
15321
89581
15917
25312
36525
94136
36715
43349
84962
44982
53983
33480
14753
61697
16535
17178
54759
19729
94722
44313
81919
17434
15586
56390
89847
33639
35634
19919
98517
17814
76919
46268
96669
39586
54866
16139
75929
47852
91264
21543
25841
96297
52720
53876
59279
18473
73452
24596
23150
37531
37291
12526
97493
58685
63693
85423
75978
68957
65789
22434
48256
78824
32250
86314
81976
34926
62653
55434
26476
45377
75663
89631
26641
71233
46656
54411
38125
19570
44321
76166
59733
81653
63339
11791
66639
12393
24570
28969
37895
66811
64733
24448
86637
64212
87742
43992
43836
82222
18713
54866
28423
67462
39511
22236
65177
42341
57943
72173
13748
13912
66670
61382
98798
68197
66779
92155
68593
63412
77446
15750
67678
61762
62588
88880
88278
95125
19331
14589
64857
47258
39453
11353
88567
24729
86520
53892
41897
55517
73312
58974
38778
42622
66423
83386
12112
54429
82867
73239
38117
38356
55954
57190
61267
55939
73965
79749
62166
92825
72959
17228
11379
84285
33951
92718
49882
94789
98699
82768
85597
79699
79376
27169
87411
26195
29678
47548
27755
44396
63396
73932
99713
61762
97949
65888
78923
14753
75846
36970
63297
21659
66696
56697
73478
43547
87288
66829
42549
72678
87916
38430
21972
77958
66977
56952
52712
12799
58479
91793
58180
98970
17764
21964
18812
95349
87296
55632
91942
91967
87361
66167
51367
43711
79244
65250
54189
71647
66233
25155
82446
34371
34751
34587
52399
88492
32250
16659
77495
78642
24489
47357
72850
34918
38851
35832
66134
61150
14241
96578
44164
26740
98632
98228
29322
23192
18259
43976	2018-4397-6	kge.nu/n/01843976